closed_recall = 0.18054337354048064
open_recall = 
extractive_recall = 0.9275024108403873
closed_precision = 0.04862439114355083
open_precision = 
extractive_precision = 0.9434086117813647